%YAML:1.0
---
camera_matrix: !!opencv-matrix
   rows: 3
   cols: 3
   dt: d
   data: [ 1.8521260660752316e+03, 0., 5.5883581655783769e+02, 0.,
       1.8548954038871511e+03, 4.3886907125649265e+02, 0., 0., 1. ]
distortion_coefficients: !!opencv-matrix
   rows: 1
   cols: 5
   dt: d
   data: [ -1.1104061057359033e-01, 3.1339385042065537e-01,
       -6.2184880121768267e-03, 4.2594066046914899e-03,
       -3.8850437251966147e-01 ]
